32874	25
32875	23
32876	23
32877	16
32878	20.5
32879	20
32880	23
32881	25
32882	28
32883	31
32884	26
32885	22
32886	20
32887	28
32888	27
32889	23
32890	22
32891	20
32892	18
32893	20
32894	25
32895	24
32896	24
32897	27.5
32898	32
32899	22.5
32900	29
32901	27
32902	26
32903	27
32904	26
32905	19
32906	20.5
32907	20
32908	20.5
32909	24
32910	24
32911	24
32912	22
32913	28.5
32914	28
32915	29
32916	27
32917	26
32918	18
32919	17
32920	18
32921	19.5
32922	22
32923	23
32924	23
32925	24
32926	25
32927	27
32928	32
32929	31
32930	27
32931	27
32932	28
32933	27
32934	32
32935	32
32936	30
32937	28
32938	25
32939	28
32940	28
32941	28
32942	19
32943	22
32944	25
32945	28
32946	23
32947	26
32948	29
32949	31
32950	30
32951	30.5
32952	38.5
32953	33
32954	32
32955	36
32956	38.5
32957	32
32958	30
32959	30.5
32960	22
32961	24
32962	26.5
32963	28
32964	26
32965	27
32966	27
32967	31
32968	28.5
32969	32
32970	32
32971	31
32972	32
32973	34
32974	37.5
32975	38
32976	37.5
32977	39
32978	36
32979	35
32980	34
32981	32
32982	31
32983	33
32984	36.5
32985	35
32986	33
32987	36
32988	31
32989	32
32990	33
32991	33.5
32992	35
32993	38
32994	32
32995	29
32996	33
32997	37
32998	38
32999	33
33000	32
33001	33
33002	34
33003	35.5
33004	38.5
33005	38
33006	36
33007	37
33008	35
33009	36
33010	34
33011	36
33012	36.5
33013	36
33014	37
33015	38
33016	36
33017	37
33018	38
33019	38.5
33020	37
33021	36
33022	35
33023	37
33024	35
33025	36.5
33026	37.5
33027	37
33028	37
33029	36
33030	37.5
33031	39
33032	39
33033	38.5
33034	37.5
33035	38
33036	37
33037	38
33038	39
33039	39
33040	39
33041	38
33042	39
33043	39
33044	39.5
33045	39.5
33046	39
33047	39.5
33048	39
33049	40.5
33050	39
33051	39
33052	37
33053	36.5
33054	38.5
33055	38
33056	37
33057	36
33058	35
33059	37
33060	35
33061	35
33062	34
33063	35
33064	35
33065	36
33066	34
33067	35
33068	34.5
33069	34
33070	34
33071	35
33072	34
33073	33
33074	34
33075	34.5
33076	34
33077	32
33078	32
33079	32
33080	35
33081	32.5
33082	31.5
33083	33
33084	34
33085	31
33086	34
33087	34
33088	35
33089	35.5
33090	36
33091	36
33092	38
33093	38
33094	35
33095	34
33096	31
33097	32
33098	31
33099	32
33100	34
33101	35
33102	37
33103	37.5
33104	37
33105	37
33106	38
33107	39
33108	39.5
33109	39
33110	38
33111	35.5
33112	36
33113	36
33114	37
33115	36
33116	37.5
33117	36
33118	35
33119	34
33120	35
33121	36
33122	37
33123	37.5
33124	36.5
33125	37.5
33126	34
33127	34
33128	33.5
33129	33
33130	34
33131	33.5
33132	35
33133	35
33134	36
33135	34
33136	34
33137	31
33138	32
33139	35.5
33140	35
33141	36
33142	37.5
33143	38.5
33144	34
33145	39.5
33146	37
33147	25
33148	28
33149	31.5
33150	34.5
33151	34.5
33152	33
33153	34
33154	34.5
33155	32
33156	35
33157	35.5
33158	33.5
33159	34
33160	35
33161	34
33162	32
33163	33
33164	35
33165	33
33166	34.5
33167	34
33168	34
33169	34
33170	35
33171	37
33172	36.5
33173	34
33174	36
33175	35
33176	34
33177	30
33178	27
33179	27
33180	26.5
33181	28
33182	29
33183	27.5
33184	27
33185	24
33186	33.5
33187	32
33188	33
33189	33
33190	32.5
33191	31
33192	33
33193	34
33194	33.5
33195	34
33196	33
33197	32
33198	27
33199	33
33200	26.5
33201	26
33202	27
33203	26
33204	25
33205	31.5
33206	30
33207	30
33208	31.5
33209	28
33210	28
33211	28
33212	28
33213	28
33214	30.5
33215	29.5
33216	30
33217	28
33218	29
33219	29
33220	35
33221	30
33222	21
33223	20
33224	20
33225	20
33226	21
33227	22.5
33228	22
33229	21
33230	19
33231	19
33232	19
33233	20
33234	21
33235	21
33236	22
33237	25
33238	24
33239	25
33240	25
33241	26
33242	26.5
33243	26
33244	26
33245	21
33246	22
33247	22
33248	22
33249	22.5
33250	22
33251	25
33252	26
33253	24.5
33254	25
33255	20.5
33256	23
33257	22
33258	22
33259	24
33260	24
33261	21.5
33262	26
33263	22.5
33264	23
33265	28
33266	24
33267	23
33268	23
33269	28
33270	29
33271	31
33272	27
33273	31.5
33274	27
33275	30
33276	29
33277	29
33278	29.5
33279	28
33280	27
33281	27.5
33282	28
33283	30
33284	29
33285	29.5
33286	29
33287	23
33288	24
33289	27
33290	28
33291	30.5
33292	31
33293	28
33294	27
33295	30
33296	29
33297	24
33298	31.5
33299	32
33300	30
33301	31
33302	28
33303	30
33304	28
33305	27
33306	28
33307	28
33308	26
33309	27
33310	27
33311	26
33312	25.5
33313	26
33314	26
33315	25
33316	26
33317	23.5
33318	23
33319	24
33320	28
33321	27.5
33322	27
33323	26
33324	30
33325	27
33326	28
33327	29.5
33328	31
33329	31
33330	30
33331	30
33332	32
33333	31
33334	32
33335	31.5
33336	32.5
33337	32
33338	33
33339	34
33340	32
33341	31.5
33342	32
33343	33
33344	31
33345	31
33346	30.5
33347	33
33348	32.5
33349	35
33350	32
33351	34
33352	32
33353	30
33354	30
33355	31
33356	31
33357	31
33358	32.5
33359	33
33360	32
33361	32
33362	33
33363	36.5
33364	33.5
33365	35
33366	34
33367	34
33368	34.5
33369	35
33370	35
33371	36
33372	35
33373	34
33374	35
33375	35.5
33376	35
33377	34
33378	31
33379	30
33380	32
33381	34
33382	35
33383	35.5
33384	34.5
33385	35
33386	35
33387	34
33388	33
33389	32.5
33390	33
33391	32
33392	35
33393	36
33394	36
33395	39
33396	39.5
33397	39
33398	38.5
33399	35
33400	36
33401	34
33402	33
33403	35.5
33404	34
33405	38
33406	38
33407	39
33408	38.5
33409	38
33410	40.5
33411	39.5
33412	35
33413	37
33414	37
33415	35.5
33416	37
33417	36.5
33418	38
33419	35
33420	36
33421	33
33422	30.5
33423	31
33424	31.5
33425	31
33426	33
33427	35
33428	34
33429	35
33430	34
33431	35
33432	35.5
33433	35
33434	38
33435	38
33436	35
33437	35
33438	36
33439	37
33440	36.5
33441	37
33442	35
33443	36.5
33444	34
33445	33
33446	33.5
33447	34
33448	36
33449	36
33450	38
33451	40
33452	37.5
33453	37.5
33454	38
33455	38
33456	37
33457	36
33458	37
33459	38
33460	38
33461	35.5
33462	37.5
33463	37
33464	36
33465	37
33466	37.5
33467	38
33468	38
33469	34
33470	37
33471	29
33472	36
33473	38
33474	36
33475	32
33476	32
33477	37
33478	34
33479	36
33480	37
33481	37.5
33482	37
33483	31
33484	33
33485	37
33486	35.5
33487	35.5
33488	35.5
33489	34
33490	31
33491	34.5
33492	33
33493	34
33494	33
33495	34
33496	34
33497	34
33498	32
33499	32
33500	34.5
33501	31
33502	31.5
33503	35.5
33504	38
33505	36
33506	38
33507	37
33508	38
33509	37
33510	37
33511	39
33512	38
33513	37
33514	36
33515	37
33516	35
33517	40
33518	36
33519	37.5
33520	38
33521	40
33522	38
33523	36.5
33524	36
33525	36
33526	38
33527	37
33528	37
33529	38.5
33530	37.5
33531	35
33532	33
33533	34
33534	32
33535	32
33536	33
33537	35
33538	31
33539	29
33540	29
33541	30
33542	29
33543	30
33544	30
33545	32
33546	33
33547	27
33548	32
33549	32
33550	34
33551	36.5
33552	32
33553	26
33554	27
33555	27
33556	25
33557	26.5
33558	26
33559	25
33560	28
33561	27
33562	29
33563	29
33564	29.5
33565	31
33566	31
33567	29
33568	31
33569	31
33570	29
33571	28
33572	24.5
33573	20
33574	22
33575	20
33576	26.5
33577	27
33578	28
33579	24
33580	24
33581	30
33582	27
33583	28
33584	24.5
33585	24
33586	25
33587	30
33588	27
33589	26.5
33590	25
33591	24
33592	16.5
33593	21
33594	22.5
33595	22
33596	21
33597	22
33598	23
33599	24
33600	24
33601	25
33602	25
33603	26
33604	25
33605	23
33606	22
33607	21
33608	29
33609	22
33610	21.5
33611	21.5
33612	25
33613	22
33614	21.5
33615	21
33616	20
33617	19
33618	20.5
33619	22.5
33620	22
33621	24
33622	23.5
33623	23
33624	22
33625	23
33626	23
33627	20
33628	21
33629	24
33630	24
33631	27
33632	26
33633	28
33634	25
33635	24
33636	24
33637	23
33638	22
33639	25.5
33640	24
33641	24
33642	25
33643	25
33644	24
33645	24.5
33646	24
33647	24
33648	23
33649	25.5
33650	25
33651	24
33652	25
33653	25
33654	27
33655	28.5
33656	28
33657	29
33658	25
33659	27.5
33660	27
33661	27
33662	30
33663	24.5
33664	28.5
33665	25.5
33666	25
33667	25
33668	27
33669	28.5
33670	27.5
33671	28
33672	24
33673	26
33674	24
33675	29
33676	26
33677	25
33678	32
33679	28
33680	25
33681	27
33682	30
33683	28.5
33684	29
33685	27
33686	28.5
33687	30
33688	28
33689	26
33690	25
33691	26.5
33692	28
33693	28
33694	27.5
33695	25
33696	26
33697	24
33698	25
33699	27.5
33700	33
33701	33
33702	33
33703	33
33704	34.5
33705	35
33706	34
33707	33
33708	31.5
33709	32
33710	32.5
33711	33
33712	33.5
33713	33
33714	32
33715	32.5
33716	34
33717	35
33718	36
33719	38
33720	38.5
33721	41
33722	37
33723	38.5
33724	40
33725	38.5
33726	39
33727	39
33728	38
33729	39
33730	39
33731	34.5
33732	35
33733	34.5
33734	32
33735	33
33736	35
33737	36
33738	36
33739	36.5
33740	29.5
33741	35.5
33742	36
33743	35
33744	33
33745	30
33746	35
33747	35.5
33748	36.5
33749	36
33750	37.5
33751	35
33752	34
33753	35
33754	36
33755	32.5
33756	35
33757	36
33758	37
33759	38
33760	37
33761	37.5
33762	37.5
33763	35
33764	36
33765	36
33766	37
33767	39.5
33768	39
33769	39
33770	37.5
33771	38
33772	38
33773	38
33774	39.5
33775	39
33776	38
33777	39
33778	38
33779	39
33780	40
33781	39
33782	38.5
33783	38
33784	38
33785	38.5
33786	38.5
33787	38.5
33788	38.5
33789	38.5
33790	39
33791	34
33792	36.5
33793	35
33794	38
33795	38.5
33796	38
33797	37.5
33798	38
33799	38
33800	38
33801	38
33802	38
33803	37.5
33804	37
33805	36
33806	36
33807	36.5
33808	32
33809	33
33810	38.5
33811	40
33812	36.5
33813	34
33814	37
33815	33
33816	34
33817	35
33818	34
33819	33
33820	35
33821	37
33822	35
33823	35.5
33824	37
33825	39
33826	39
33827	36
33828	36
33829	37.5
33830	33
33831	36.5
33832	37
33833	40
33834	39
33835	37
33836	36
33837	37
33838	36
33839	35
33840	34.5
33841	36.5
33842	35
33843	38
33844	35.5
33845	36.5
33846	35
33847	37
33848	37
33849	37
33850	41
33851	39
33852	39
33853	37
33854	38.5
33855	38
33856	37
33857	37
33858	36.5
33859	36
33860	37
33861	37.5
33862	36
33863	35
33864	36.5
33865	35
33866	34
33867	34
33868	34
33869	35
33870	39
33871	34
33872	36
33873	38
33874	38.5
33875	40
33876	41
33877	39
33878	38.5
33879	38
33880	39
33881	38
33882	36.5
33883	36
33884	37
33885	38
33886	37
33887	37.5
33888	37
33889	39
33890	37.5
33891	38
33892	37.5
33893	37
33894	37
33895	39
33896	39
33897	36.5
33898	35
33899	34
33900	36
33901	36
33902	37
33903	36.5
33904	36
33905	35
33906	35
33907	35
33908	34.5
33909	33
33910	33
33911	33
33912	27
33913	28
33914	27.5
33915	27
33916	33
33917	33
33918	34
33919	39
33920	30
33921	29.5
33922	38
33923	38
33924	37
33925	27
33926	29
33927	30
33928	29
33929	28.5
33930	28
33931	27
33932	27
33933	26
33934	25
33935	29.5
33936	30.5
33937	27
33938	29
33939	29
33940	28
33941	27
33942	30.5
33943	29
33944	28
33945	24
33946	25
33947	25
33948	26
33949	29.5
33950	29
33951	24
33952	22
33953	24
33954	24.5
33955	22
33956	25
33957	26.5
33958	27
33959	28
33960	29.5
33961	27.5
33962	28.5
33963	27
33964	31
33965	30
33966	28
33967	29
33968	29.5
33969	30
33970	28
33971	29
33972	29
33973	28.5
33974	26.5
33975	22.5
33976	26.5
33977	26.5
33978	26
33979	26.5
33980	25
33981	27
33982	26.5
33983	26
33984	26.5
33985	29.5
33986	29
33987	28
33988	23
33989	22.5
33990	26
33991	28
33992	25.5
33993	26
33994	26
33995	23
33996	23
33997	23
33998	24
33999	24
34000	25
34001	27
34002	28
34003	27
34004	28
34005	28
34006	27.5
34007	30
34008	26
34009	26
34010	25
34011	24
34012	26
34013	26.5
34014	26
34015	25
34016	26
34017	26
34018	25
34019	29.5
34020	29
34021	28
34022	27
34023	25
34024	27.5
34025	26
34026	26.5
34027	27.5
34028	25
34029	24
34030	26
34031	25
34032	25
34033	28
34034	32
34035	30
34036	30
34037	31
34038	32
34039	32
34040	33
34041	32.5
34042	31
34043	32
34044	33
34045	32
34046	34
34047	35
34048	35.5
34049	35
34050	35.5
34051	34.5
34052	34
34053	32
34054	32
34055	32.5
34056	32
34057	31.5
34058	31
34059	31.5
34060	32
34061	32.5
34062	32
34063	32
34064	33
34065	33
34066	32
34067	32.5
34068	32.5
34069	33
34070	33
34071	33
34072	33
34073	32
34074	34
34075	33.5
34076	35
34077	35
34078	34
34079	35
34080	35
34081	35
34082	36
34083	35
34084	35
34085	34.5
34086	35
34087	35
34088	35.5
34089	34
34090	35
34091	35
34092	35
34093	36
34094	36
34095	36
34096	37.5
34097	37
34098	36
34099	36
34100	35
34101	36
34102	36
34103	36.5
34104	36
34105	36
34106	36
34107	36
34108	36
34109	37
34110	37
34111	37
34112	36.5
34113	37
34114	36
34115	37
34116	38
34117	38.5
34118	39
34119	38.5
34120	37
34121	38
34122	37.5
34123	39
34124	39
34125	38.5
34126	39
34127	39
34128	38
34129	41
34130	39
34131	40
34132	39.5
34133	40
34134	40
34135	40
34136	40
34137	39
34138	40
34139	40
34140	40
34141	42
34142	41
34143	40
34144	40.5
34145	40
34146	41.5
34147	40.5
34148	40
34149	39
34150	40
34151	39.5
34152	39
34153	37
34154	37.5
34155	38
34156	39
34157	39.5
34158	39
34159	41
34160	41.5
34161	38.5
34162	39
34163	39
34164	40
34165	37
34166	37
34167	38
34168	38
34169	39
34170	39
34171	39
34172	39.5
34173	40.5
34174	38.5
34175	38
34176	39
34177	39
34178	39
34179	40
34180	39.5
34181	40.5
34182	40
34183	40
34184	39
34185	40
34186	40
34187	40.5
34188	40
34189	41
34190	40.5
34191	41
34192	38
34193	38.5
34194	38
34195	39
34196	39
34197	40
34198	40
34199	40.5
34200	40
34201	40
34202	39
34203	39
34204	39
34205	38
34206	37
34207	38
34208	37
34209	34.5
34210	36
34211	36
34212	37
34213	38
34214	39
34215	38
34216	34
34217	36
34218	34
34219	35
34220	38
34221	38
34222	39
34223	40
34224	28
34225	29
34226	30
34227	38
34228	38
34229	36
34230	35
34231	36
34232	37
34233	39
34234	40.5
34235	39.5
34236	38
34237	38
34238	37
34239	38
34240	39
34241	28
34242	39
34243	39
34244	40
34245	39
34246	40
34247	39
34248	39
34249	37.5
34250	38
34251	38
34252	38
34253	38
34254	38
34255	37
34256	37
34257	37
34258	35
34259	37
34260	36
34261	36
34262	36
34263	36
34264	36
34265	36
34266	37
34267	36
34268	38
34269	36
34270	32
34271	28
34272	29.5
34273	30
34274	32
34275	35
34276	35
34277	30
34278	28
34279	37
34280	33
34281	27
34282	28
34283	29
34284	28
34285	29
34286	29
34287	27
34288	29
34289	28
34290	28
34291	29
34292	28
34293	28
34294	27
34295	28
34296	27
34297	28
34298	28
34299	28
34300	29
34301	29
34302	30
34303	29
34304	29
34305	28
34306	27.5
34307	28
34308	27
34309	31
34310	31
34311	30
34312	30
34313	30
34314	30
34315	30.5
34316	27
34317	28.5
34318	27
34319	28
34320	27.5
34321	26
34322	27
34323	27.5
34324	22
34325	23
34326	27
34327	27.5
34328	27
34329	28
34330	30
34331	27.5
34332	27.5
34333	28
34334	29
34335	29
34336	29
34337	30
34338	28
34339	28
34340	30
34341	28
34342	28
34343	25
34344	26
34345	27
34346	27
34347	28
34348	30
34349	29
34350	29
34351	30
34352	30
34353	29
34354	29
34355	27
34356	29
34357	28
34358	29
34359	29
34360	28
34361	26
34362	30
34363	27
34364	24
34365	24
34366	25
34367	26
34368	26
34369	28.5
34370	29
34371	28
34372	26
34373	28
34374	31
34375	30
34376	31
34377	30
34378	28
34379	27
34380	28
34381	29
34382	29
34383	29.5
34384	29
34385	29
34386	27
34387	24
34388	28
34389	27
34390	27.5
34391	28
34392	29
34393	27
34394	27
34395	27
34396	28
34397	32
34398	31
34399	31
34400	29
34401	26
34402	27
34403	28
34404	30.5
34405	30
34406	29
34407	30
34408	27
34409	31
34410	31
34411	33
34412	33
34413	32
34414	32
34415	32
34416	33
34417	32
34418	31.5
34419	31
34420	32
34421	31
34422	32
34423	33
34424	34
34425	31
34426	35
34427	34
34428	35
34429	31
34430	32
34431	33
34432	33.5
34433	34
34434	33.5
34435	34
34436	34
34437	34
34438	33
34439	34.5
34440	32
34441	37.5
34442	36
34443	35
34444	37
34445	38
34446	37.5
34447	39
34448	37
34449	29
34450	34
34451	33
34452	32
34453	32.5
34454	33.5
34455	33
34456	34
34457	33
34458	38
34459	38
34460	38.5
34461	38
34462	37.5
34463	37
34464	38
34465	37
34466	37
34467	38
34468	37
34469	38
34470	37
34471	38
34472	37
34473	38
34474	38
34475	37
34476	38
34477	37
34478	36
34479	37
34480	36
34481	38.5
34482	38
34483	37
34484	38
34485	39
34486	40
34487	40
34488	39.5
34489	40
34490	42
34491	36
34492	38
34493	39
34494	39
34495	41
34496	40
34497	41
34498	40
34499	39
34500	40
34501	40
34502	37
34503	40
34504	36
34505	37
34506	39
34507	40
34508	40
34509	40.5
34510	40
34511	40
34512	40.5
34513	40
34514	41
34515	41
34516	40
34517	40
34518	39
34519	40
34520	41
34521	42
34522	41
34523	41
34524	41.5
34525	40
34526	41
34527	40
34528	41
34529	40
34530	38
34531	38
34532	39
34533	38
34534	39
34535	38
34536	39
34537	40
34538	41
34539	40
34540	39
34541	40
34542	39
34543	40
34544	39.5
34545	40
34546	40
34547	41
34548	39
34549	39
34550	40
34551	34
34552	36
34553	37
34554	36
34555	37
34556	38
34557	37
34558	37.5
34559	37
34560	38
34561	39
34562	37
34563	38
34564	39
34565	38
34566	38
34567	37
34568	37
34569	37
34570	38
34571	39
34572	37
34573	38
34574	37
34575	36
34576	38
34577	36
34578	37
34579	36
34580	36
34581	37
34582	36
34583	38
34584	39
34585	36
34586	39
34587	38
34588	39
34589	36
34590	36
34591	36
34592	37
34593	37.5
34594	36
34595	37
34596	38
34597	36
34598	37
34599	36
34600	35
34601	35
34602	35
34603	34
34604	34
34605	34
34606	35
34607	35.5
34608	35
34609	35
34610	34.5
34611	34
34612	35
34613	36
34614	33
34615	34
34616	33
34617	32
34618	34
34619	33
34620	34
34621	34
34622	32
34623	33
34624	33
34625	32
34626	32
34627	32
34628	31.5
34629	32
34630	32
34631	33
34632	32
34633	33
34634	32
34635	33
34636	32
34637	31
34638	32
34639	31.5
34640	32
34641	30
34642	28.5
34643	28
34644	27
34645	28
34646	28
34647	28
34648	29
34649	28
34650	27
34651	28
34652	28
34653	26
34654	26
34655	28
34656	27
34657	27
34658	27
34659	27
34660	26
34661	27
34662	26
34663	29
34664	29
34665	28
34666	28
34667	20
34668	21
34669	19
34670	28
34671	25
34672	28
34673	25.5
34674	27
34675	28
34676	20
34677	22
34678	21
34679	22
34680	19.5
34681	22
34682	21
34683	22
34684	20
34685	20
34686	27
34687	26
34688	26
34689	26
34690	25
34691	25
34692	25
34693	23
34694	23
34695	22
34696	22
34697	22.5
34698	21
34699	22
34700	22
34701	19
34702	19
34703	20
34704	20
34705	22
34706	21
34707	22
34708	21
34709	22
34710	22
34711	23
34712	22
34713	21
34714	23
34715	21
34716	20
34717	21
34718	20
34719	26.5
34720	22
34721	25
34722	26
34723	27
34724	25
34725	25
34726	25
34727	25
34728	22
34729	24
34730	23
34731	24
34732	25
34733	25
34734	25
34735	26
34736	25
34737	24
34738	25
34739	26
34740	25
34741	26
34742	26
34743	26
34744	25
34745	26
34746	25
34747	28
34748	28
34749	26
34750	25
34751	25
34752	25
34753	26
34754	27
34755	29
34756	27
34757	25
34758	25
34759	24
34760	24
34761	29.5
34762	28
34763	27
34764	26
34765	27
34766	27
34767	27
34768	29
34769	28
34770	27
34771	28
34772	28
34773	29
34774	29
34775	32
34776	31
34777	32
34778	32
34779	32
34780	32
34781	31
34782	30
34783	29
34784	28
34785	28
34786	28
34787	27
34788	26
34789	26
34790	30
34791	27.5
34792	27
34793	28
34794	29
34795	28
34796	29
34797	28
34798	26
34799	27
34800	28
34801	33
34802	34
34803	34
34804	34
34805	34
34806	29
34807	28
34808	29
34809	28
34810	29
34811	29
34812	28
34813	29
34814	28
34815	30
34816	35.5
34817	37
34818	36
34819	36.5
34820	37
34821	37
34822	35
34823	34
34824	35
34825	34
34826	33
34827	34
34828	35
34829	37
34830	39
34831	38
34832	37.5
34833	38
34834	37.5
34835	38
34836	36
34837	37
34838	38
34839	37
34840	38
34841	39
34842	39
34843	39
34844	38
34845	37
34846	38
34847	39
34848	36
34849	36
34850	36
34851	38
34852	38
34853	39
34854	38.5
34855	39
34856	38
34857	39
34858	38
34859	38
34860	39
34861	38
34862	37
34863	38
34864	38
34865	39
34866	40
34867	39.5
34868	40
34869	39
34870	40
34871	40
34872	40
34873	41
34874	40
34875	40
34876	40
34877	40
34878	42
34879	42
34880	42
34881	42
34882	42
34883	41
34884	42
34885	42.5
34886	41
34887	42
34888	39
34889	40.5
34890	39
34891	40
34892	42
34893	42
34894	37.5
34895	36
34896	37
34897	37
34898	35.5
34899	36.5
34900	39
34901	37
34902	37
34903	39
34904	39
34905	41.5
34906	39.5
34907	39
34908	38
34909	38
34910	40
34911	40
34912	39
34913	39
34914	39
34915	39.5
34916	40
34917	38
34918	41
34919	42
34920	40
34921	37
34922	36
34923	36
34924	37
34925	29
34926	31
34927	35.5
34928	36
34929	35
34930	35
34931	36
34932	39.5
34933	39
34934	37
34935	36
34936	37
34937	38
34938	40
34939	39
34940	39
34941	39
34942	39.5
34943	37
34944	36
34945	36
34946	35
34947	36
34948	37
34949	39
34950	37
34951	38
34952	38
34953	35
34954	39
34955	35
34956	37
34957	34
34958	33
34959	35
34960	36
34961	35
34962	35
34963	32
34964	36
34965	37
34966	36
34967	37
34968	37
34969	36.5
34970	36
34971	36
34972	38
34973	35
34974	35
34975	32
34976	36
34977	37
34978	36
34979	37
34980	37
34981	36.5
34982	36
34983	36
34984	38
34985	40
34986	40
34987	39
34988	37
34989	36
34990	34
34991	36
34992	39
34993	34
34994	34
34995	33
34996	35
34997	34
34998	33
34999	32.5
35000	33
35001	32
35002	29
35003	29
35004	29
35005	30
35006	30
35007	31
35008	24
35009	25
35010	31
35011	30
35012	27
35013	30
35014	27.5
35015	30.5
35016	33
35017	33.5
35018	30.5
35019	30
35020	33
35021	34
35022	34.5
35023	33
35024	32
35025	33
35026	34
35027	34
35028	35
35029	31
35030	29
35031	29
35032	29
35033	29
35034	29
35035	30
35036	36
35037	29
35038	30
35039	30
35040	28
35041	28
35042	29
35043	31
35044	31
35045	31
35046	30
35047	28
35048	25.5
35049	24
35050	22
35051	23
35052	24
35053	22
35054	21
35055	22
35056	22
35057	21.5
35058	24
35059	21
35060	22
35061	25.5
35062	25
35063	26
35064	26.5
35065	24
35066	24
35067	24
35068	24
35069	25
35070	26
35071	28
35072	31
35073	29
35074	29
35075	30
35076	31
35077	29
35078	30
35079	34
35080	28
35081	26
35082	29
35083	29
35084	28
35085	27
35086	26
35087	24
35088	24.5
35089	27
35090	26
35091	28
35092	29
35093	30
35094	32
35095	24
35096	26
35097	24
35098	26
35099	27
35100	28
35101	29
35102	29
35103	28
35104	32
35105	28
35106	29
35107	29
35108	30
35109	26
35110	29
35111	32
35112	30
35113	29
35114	29
35115	31
35116	29.5
35117	30.5
35118	29.5
35119	29
35120	34.5
35121	25
35122	24.5
35123	26.5
35124	26
35125	29
35126	27.5
35127	29
35128	28
35129	29
35130	27.5
35131	30
35132	31
35133	30
35134	31
35135	32.5
35136	32
35137	28
35138	25
35139	26
35140	26
35141	29
35142	31
35143	34
35144	30
35145	30
35146	29
35147	36
35148	28
35149	28.5
35150	28
35151	28
35152	29.5
35153	27.5
35154	30
35155	31.5
35156	31.5
35157	30
35158	28.5
35159	29
35160	28.5
35161	29
35162	28.5
35163	30.5
35164	34
35165	33.5
35166	31
35167	30
35168	30.5
35169	31.5
35170	35
35171	32
35172	33
35173	35
35174	35
35175	33.5
35176	32.5
35177	32
35178	35
35179	35
35180	35.5
35181	36
35182	37
35183	36
35184	35.5
35185	36
35186	35.5
35187	37
35188	37
35189	36.5
35190	37
35191	37
35192	33.5
35193	37
35194	37
35195	38
35196	38.5
35197	35
35198	38
35199	38
35200	37
35201	37
35202	37
35203	37
35204	38
35205	37
35206	38
35207	38
35208	39
35209	38
35210	35
35211	34
35212	33
35213	31
35214	33
35215	32
35216	32
35217	36.5
35218	36
35219	38
35220	37
35221	39
35222	41
35223	38.5
35224	39
35225	41
35226	39.5
35227	40
35228	40
35229	40.5
35230	40
35231	40.5
35232	40
35233	41
35234	40
35235	41
35236	41
35237	41
35238	40
35239	41
35240	40
35241	41
35242	40
35243	38
35244	40
35245	40
35246	40
35247	39
35248	39.5
35249	39
35250	41.5
35251	39
35252	39
35253	36
35254	36
35255	37
35256	36
35257	40.5
35258	34
35259	33
35260	36
35261	34
35262	40
35263	39
35264	38
35265	38
35266	38
35267	40
35268	39
35269	39
35270	38
35271	39
35272	39.5
35273	39
35274	38
35275	37
35276	42
35277	38
35278	36
35279	38
35280	38
35281	39
35282	38
35283	40
35284	40
35285	39
35286	39.5
35287	40
35288	39
35289	34
35290	35
35291	38
35292	39.5
35293	36
35294	36.5
35295	37
35296	39
35297	33
35298	37
35299	41.5
35300	40.5
35301	40.5
35302	40
35303	38
35304	35.5
35305	37
35306	36
35307	36
35308	36
35309	35
35310	35.5
35311	39
35312	39
35313	40
35314	36
35315	36
35316	32
35317	34
35318	36
35319	39
35320	35
35321	37
35322	33
35323	35.5
35324	35
35325	35
35326	33
35327	34
35328	33
35329	34
35330	33.5
35331	33
35332	35
35333	35
35334	34
35335	37
35336	35
35337	34
35338	36
35339	36
35340	37.5
35341	34
35342	36
35343	35.5
35344	31
35345	34
35346	32
35347	33
35348	32
35349	35
35350	34
35351	33
35352	34
35353	32
35354	33
35355	32
35356	35
35357	33
35358	34
35359	32
35360	32
35361	28
35362	26
35363	25.5
35364	28
35365	29
35366	30
35367	28
35368	29
35369	28
35370	26
35371	26
35372	26
35373	25
35374	26
35375	25
35376	23
35377	27
35378	28
35379	26
35380	27
35381	26
35382	25
35383	25
35384	25
35385	25
35386	23
35387	20
35388	27
35389	25
35390	25
35391	26
35392	25
35393	26
35394	25
35395	24
35396	25
35397	24
35398	23.5
35399	24
35400	24
35401	23
35402	24
35403	23
35404	23
35405	23
35406	24
35407	23.5
35408	24
35409	24
35410	24
35411	23
35412	23
35413	22
35414	23
35415	21
35416	20
35417	19
35418	19
35419	21
35420	21
35421	19.5
35422	19
35423	21
35424	21
35425	22
35426	24
35427	23
35428	24
35429	23
35430	22.5
35431	20
35432	21
35433	21
35434	21.5
35435	22
35436	19
35437	19
35438	19
35439	19
35440	19
35441	20
35442	20
35443	21
35444	20.5
35445	19
35446	21
35447	22
35448	24
35449	21
35450	19
35451	20
35452	21
35453	20
35454	20
35455	20
35456	20
35457	21
35458	28
35459	27
35460	28
35461	23
35462	28
35463	29
35464	28
35465	27
35466	26
35467	29
35468	27
35469	26
35470	26.5
35471	27
35472	29
35473	26
35474	26
35475	27
35476	27
35477	27
35478	29
35479	20
35480	23
35481	25
35482	23
35483	23
35484	27
35485	29
35486	18
35487	22
35488	23
35489	24
35490	23
35491	28
35492	27
35493	28
35494	28
35495	30
35496	25
35497	28
35498	24
35499	27
35500	27
35501	28
35502	28
35503	28
35504	29
35505	29
35506	29
35507	28
35508	29
35509	30
35510	29
35511	27
35512	30
35513	29
35514	30
35515	29.5
35516	29
35517	30
35518	29
35519	30
35520	30
35521	29
35522	28
35523	28
35524	27.5
35525	29
35526	28
35527	29
35528	28
35529	29
35530	30
35531	28.5
35532	29
35533	28
35534	29
35535	30
35536	30
35537	30
35538	32
35539	32.5
35540	32
35541	33
35542	33
35543	30
35544	28
35545	31.5
35546	30
35547	30
35548	30.5
35549	32
35550	32.5
35551	33
35552	34
35553	34
35554	34
35555	33
35556	35
35557	36
35558	35
35559	36.5
35560	36
35561	36
35562	36
35563	35
35564	34
35565	35
35566	36
35567	36
35568	36
35569	37
35570	37
35571	35
35572	36
35573	36.5
35574	36.5
35575	36
35576	35
35577	36
35578	36
35579	39
35580	39
35581	39.5
35582	39
35583	39
35584	38
35585	40
35586	37
35587	40.5
35588	39
35589	40
35590	38
35591	39
35592	40
35593	39
35594	38
35595	35
35596	35
35597	36
35598	35
35599	39
35600	39
35601	41
35602	40
35603	39
35604	40
35605	41
35606	40
35607	40
35608	41
35609	41
35610	40
35611	40
35612	41
35613	40
35614	38
35615	38
35616	40
35617	40
35618	39
35619	40
35620	40
35621	39
35622	40
35623	41
35624	41
35625	41
35626	40
35627	41
35628	39
35629	39
35630	39
35631	39
35632	40
35633	41
35634	43
35635	42
35636	40
35637	39
35638	40
35639	40
35640	39
35641	40
35642	40
35643	42
35644	43
35645	41.5
35646	40
35647	39
35648	37
35649	36.5
35650	37
35651	38
35652	40
35653	38
35654	39
35655	40
35656	37
35657	33
35658	36
35659	37.5
35660	37
35661	38
35662	38
35663	38
35664	40
35665	42
35666	37
35667	40
35668	39
35669	38
35670	39
35671	38
35672	37
35673	38
35674	36
35675	36
35676	39
35677	40
35678	36
35679	37.5
35680	37
35681	38
35682	37
35683	37
35684	38
35685	41
35686	36.5
35687	39
35688	39
35689	38
35690	38
35691	42
35692	39.5
35693	39
35694	37
35695	38
35696	35
35697	32.5
35698	33
35699	37
35700	38
35701	37
35702	37
35703	38
35704	38
35705	38.5
35706	39.5
35707	38
35708	38.5
35709	37
35710	36
35711	34
35712	33
35713	36
35714	35
35715	34
35716	35
35717	36
35718	40
35719	38
35720	38
35721	31
35722	32
35723	33
35724	34
35725	35
35726	34
35727	32
35728	31
35729	31
35730	32
35731	31
35732	32
35733	33
35734	36.5
35735	31
35736	30
35737	31
35738	31
35739	32
35740	33
35741	35
35742	34
35743	34
35744	33
35745	29
35746	34
35747	27
35748	29
35749	28
35750	28
35751	29
35752	30
35753	33
35754	29
35755	33
35756	31
35757	31
35758	32
35759	29
35760	32
35761	28
35762	28
35763	30
35764	32.5
35765	26
35766	25
35767	26
35768	27
35769	30
35770	24
35771	27
35772	28
35773	20
35774	27
35775	23
35776	20.5
35777	23.5
35778	28
35779	33.5
35780	29
35781	29.5
35782	30
35783	20
35784	22
35785	26
35786	20
35787	21.5
35788	23
35789	23
35790	18
35791	24
35792	24
35793	22
35794	21
35795	21
35796	30.5
35797	30.5
35798	28.5
35799	26
35800	24
35801	22
35802	21.5
35803	22
35804	24
35805	28
35806	27
35807	26
35808	27
35809	26
35810	28
35811	26
35812	30
35813	31
35814	32
35815	31
35816	27
35817	25
35818	29
35819	28
35820	28
35821	29
35822	30
35823	30
35824	29
35825	26
35826	27
35827	25
35828	28
35829	24
35830	30
35831	29
35832	27
35833	28
35834	28
35835	28
35836	27
35837	27
35838	27
35839	21.5
35840	22
35841	24
35842	23
35843	23
35844	22
35845	23
35846	25.5
35847	25
35848	26
35849	31
35850	32
35851	31
35852	28
35853	31.5
35854	29
35855	32
35856	32
35857	30
35858	31
35859	29
35860	25
35861	26
35862	25
35863	28
35864	29
35865	29
35866	29
35867	27.5
35868	26
35869	27
35870	26
35871	27
35872	26
35873	27
35874	29
35875	29.5
35876	29
35877	30
35878	31
35879	30
35880	26
35881	29
35882	28
35883	26
35884	22
35885	27
35886	21
35887	27
35888	29.5
35889	29
35890	27
35891	27
35892	28
35893	31
35894	33
35895	33
35896	31
35897	28
35898	30
35899	30
35900	29
35901	27
35902	29.5
35903	31
35904	32
35905	33
35906	33
35907	35
35908	35
35909	36
35910	31
35911	35
35912	32
35913	32
35914	33
35915	31
35916	34
35917	34.5
35918	31
35919	36
35920	35.5
35921	35
35922	34
35923	31
35924	33
35925	36
35926	37
35927	34
35928	36
35929	30
35930	36.5
35931	36.5
35932	38
35933	39
35934	40
35935	36
35936	34
35937	30
35938	33
35939	33.5
35940	34
35941	34
35942	35
35943	38
35944	39.5
35945	39
35946	42
35947	41
35948	37
35949	31
35950	35
35951	37
35952	39
35953	36
35954	36.5
35955	34
35956	35
35957	35.5
35958	38.5
35959	39.5
35960	40.5
35961	42
35962	41
35963	41
35964	42
35965	40
35966	39.5
35967	39.5
35968	41.5
35969	41.5
35970	40
35971	40
35972	39
35973	40
35974	40
35975	39
35976	39
35977	38.5
35978	39.5
35979	37
35980	36.5
35981	35
35982	37
35983	36.5
35984	42.5
35985	43
35986	43
35987	39
35988	37.5
35989	38.5
35990	41
35991	41
35992	38.5
35993	41
35994	36
35995	38.5
35996	34
35997	37.5
35998	38
35999	36
36000	39
36001	41
36002	41
36003	40.5
36004	34
36005	37
36006	39
36007	38
36008	38
36009	39.5
36010	40
36011	39
36012	36
36013	35
36014	37
36015	36.5
36016	36
36017	37
36018	38.5
36019	34
36020	37
36021	38
36022	33
36023	35
36024	36
36025	39
36026	38
36027	41.5
36028	42
36029	40
36030	37
36031	37
36032	38
36033	38
36034	40
36035	39.5
36036	37.5
36037	42.5
36038	38
36039	38
36040	34
36041	30
36042	36
36043	39
36044	40.5
36045	38
36046	36
36047	38
36048	39
36049	40
36050	40
36051	38
36052	40
36053	39
36054	40
36055	37.5
36056	39
36057	37
36058	36
36059	35.5
36060	37
36061	37.5
36062	35.5
36063	38
36064	37
36065	38
36066	39
36067	39
36068	38
36069	36.5
36070	37
36071	36
36072	36
36073	36
36074	36
36075	38
36076	40
36077	39
36078	39
36079	40
36080	40
36081	40.5
36082	39
36083	36
36084	35.5
36085	36
36086	37
36087	35.5
36088	35
36089	30.5
36090	38
36091	39
36092	38.5
36093	37.5
36094	36
36095	36
36096	36
36097	35.5
36098	33
36099	29.5
36100	28
36101	27.5
36102	33
36103	34.5
36104	33
36105	30.5
36106	32
36107	33
36108	31.5
36109	30
36110	31
36111	29
36112	27
36113	28
36114	28
36115	31
36116	33
36117	30.5
36118	30
36119	31
36120	31
36121	31.5
36122	31.5
36123	31.5
36124	32.5
36125	33.5
36126	29
36127	32
36128	31.5
36129	29
36130	30
36131	30
36132	27.5
36133	27.5
36134	28
36135	23
36136	22
36137	22.5
36138	21.5
36139	20
36140	27
36141	30
36142	29
36143	28.5
36144	28
36145	27.5
36146	23
36147	21
36148	28
36149	29
36150	25
36151	25
36152	21.5
36153	25
36154	27
36155	27
36156	27
36157	25
36158	29
36159	26
36160	28.5
36161	29
36162	27.5
36163	26.5
36164	30
36165	30
36166	28
36167	30.5
36168	28
36169	28
36170	28.5
36171	28
36172	27
36173	28
36174	28
36175	28
36176	26.5
36177	28
36178	29
36179	30.5
36180	29
36181	29.5
36182	28
36183	32.5
36184	31
36185	29
36186	26
36187	24
36188	23
36189	24
36190	26
36191	28
36192	25
36193	23.5
36194	27
36195	27.5
36196	29
36197	27
36198	27
36199	27.5
36200	30
36201	28
36202	24
36203	27.5
36204	30
36205	31.5
36206	28
36207	26
36208	29
36209	28.5
36210	31
36211	29
36212	31
36213	28.5
36214	29
36215	31
36216	27
36217	29
36218	33
36219	31.5
36220	32.5
36221	32
36222	32
36223	29
36224	30
36225	29.5
36226	25.5
36227	27.5
36228	27
36229	28
36230	29
36231	25
36232	31
36233	30
36234	27
36235	25
36236	24
36237	27
36238	30
36239	31.5
36240	32
36241	31
36242	31
36243	32
36244	34.5
36245	25
36246	23.5
36247	29
36248	31
36249	30.5
36250	29
36251	26.5
36252	26
36253	26
36254	25
36255	27.5
36256	29
36257	28
36258	28.5
36259	27
36260	28
36261	31
36262	33.5
36263	30
36264	30.5
36265	32
36266	32.5
36267	34
36268	36
36269	32.5
36270	31.5
36271	31
36272	33
36273	31
36274	31
36275	31.5
36276	32
36277	33
36278	31.5
36279	30
36280	29
36281	30
36282	33
36283	31.5
36284	33
36285	32.5
36286	33.5
36287	35.5
36288	36
36289	34
36290	33
36291	34
36292	35
36293	30
36294	34
36295	34.5
36296	36
36297	38
36298	39
36299	37
36300	37.5
36301	37.5
36302	36
36303	33.5
36304	41
36305	37
36306	37.5
36307	40.5
36308	38
36309	36.5
36310	36
36311	39
36312	42
36313	38.5
36314	40
36315	36
36316	35.5
36317	37.5
36318	38
36319	39
36320	36.5
36321	31.5
36322	37
36323	38.5
36324	37.5
36325	37.5
36326	38.5
36327	38.5
36328	40
36329	42
36330	43
36331	40
36332	36.5
36333	30
36334	38
36335	39
36336	36
36337	38
36338	35.5
36339	36.5
36340	38
36341	39.5
36342	40
36343	38
36344	39
36345	40
36346	36
36347	33.5
36348	35
36349	35
36350	36.5
36351	39
36352	39
36353	38.5
36354	42.5
36355	35
36356	36.5
36357	37.5
36358	35
36359	38
36360	39.5
36361	38
36362	35
36363	35.5
36364	37
36365	38
36366	39.5
36367	38
36368	36
36369	38
36370	40
36371	40.5
36372	41
36373	40
36374	37.5
36375	39.5
36376	36.5
36377	38
36378	39
36379	39
36380	37
36381	37
36382	37.5
36383	39
36384	39.5
36385	38.5
36386	38
36387	37.5
36388	39.5
36389	38.5
36390	40
36391	36.5
36392	40
36393	42
36394	37.5
36395	36.5
36396	39.5
36397	38.5
36398	40
36399	36.5
36400	40
36401	42
36402	37.5
36403	36.5
36404	36.5
36405	39
36406	38.5
36407	41
36408	41
36409	36
36410	36.5
36411	33
36412	34
36413	31
36414	35
36415	35
36416	39
36417	41
36418	39.5
36419	39.5
36420	40.5
36421	36.5
36422	38
36423	37.5
36424	38
36425	37
36426	38.5
36427	37
36428	41
36429	35.5
36430	40
36431	41
36432	44
36433	42.5
36434	38
36435	36.5
36436	37.5
36437	36.5
36438	39
36439	39.5
36440	36.5
36441	39.5
36442	41
36443	38
36444	35
36445	37
36446	38.5
36447	39.5
36448	37
36449	35
36450	34
36451	35.5
36452	37
36453	39
36454	39.5
36455	39
36456	38.5
36457	36
36458	34
36459	37.5
36460	38
36461	37
36462	37
36463	39
36464	33.5
36465	38
36466	38.5
36467	37
36468	37
36469	35
36470	35
36471	33.5
36472	34.5
36473	34
36474	34
36475	35
36476	35.5
36477	36.5
36478	36
36479	37
36480	36
36481	36
36482	33
36483	28
36484	33
36485	30
36486	28.5
36487	27.5
36488	27.5
36489	29
36490	32
36491	32
36492	28.5
36493	34
36494	35.5
36495	30.5
36496	29
36497	26
36498	25
36499	28.5
36500	27.5
36501	27
36502	27
36503	27
36504	25.5
36505	21.5
36506	24
36507	27
36508	26.5
36509	26.5
36510	27
36511	26
36512	28
36513	26.5
36514	26
36515	26.5
36516	25
36517	24
36518	26
36519	27.5
36520	27.5
36521	26
36522	30
36523	30
36524	30
36525	30
36526	25.5
36527	25
36528	25.5
36529	25
36530	24.5
36531	23.5
36532	24
36533	26.5
36534	26
36535	27.5
36536	29
36537	31
36538	31.5
36539	32.5
36540	30
36541	33.5
36542	32
36543	33.5
36544	31
36545	28
36546	28.5
36547	28.5
36548	29
36549	29
36550	31
36551	31
36552	26
36553	27
36554	27
36555	27.5
36556	27.5
36557	26.5
36558	30
36559	30.5
36560	28.5
36561	28
36562	30
36563	31
36564	32
36565	32
36566	22
36567	30
36568	30
36569	30
36570	29
36571	29.5
36572	30
36573	31
36574	29
36575	29.5
36576	31.5
36577	29
36578	26.5
36579	28.5
36580	26
36581	27
36582	27
36583	30
36584	29
36585	29
36586	30.5
36587	30.5
36588	28
36589	27.5
36590	25
36591	23
36592	24
36593	26.5
36594	28
36595	27.5
36596	29
36597	30
36598	31
36599	29.5
36600	29.5
36601	27.5
36602	27.5
36603	27
36604	27
36605	29
36606	24
36607	24
36608	27.5
36609	28.5
36610	28
36611	30
36612	34
36613	31
36614	31.5
36615	31
36616	31
36617	30
36618	27
36619	34
36620	35
36621	34
36622	35
36623	35
36624	32.5
36625	34
36626	34
36627	33
36628	33
36629	35.5
36630	35
36631	35
36632	35
36633	35
36634	36
36635	34.5
36636	36.5
36637	37
36638	33.5
36639	36
36640	36
36641	36.5
36642	37
36643	37.5
36644	38.5
36645	37.5
36646	36
36647	36
36648	36.5
36649	37
36650	37
36651	36
36652	37.5
36653	39
36654	38
36655	37.5
36656	37
36657	37
36658	35.5
36659	39
36660	41
36661	40
36662	38
36663	37
36664	36
36665	36
36666	37
36667	36
36668	37.5
36669	38
36670	39
36671	36.5
36672	35.5
36673	37
36674	37.5
36675	39
36676	39
36677	38
36678	37
36679	39
36680	40
36681	40.5
36682	42
36683	40.5
36684	39
36685	37.5
36686	37
36687	38
36688	40.5
36689	41
36690	40.5
36691	39
36692	36
36693	36
36694	38.5
36695	36
36696	37
36697	38
36698	38
36699	36
36700	36.5
36701	37
36702	39
36703	40.5
36704	41
36705	38
36706	37.5
36707	38.5
36708	40
36709	41.5
36710	40.5
36711	40
36712	35
36713	37.5
36714	37
36715	40
36716	41.5
36717	42.5
36718	35.5
36719	38.5
36720	37
36721	41
36722	42.5
36723	43
36724	42.5
36725	42
36726	39.5
36727	39.5
36728	38.5
36729	40
36730	43
36731	41.5
36732	41.5
36733	41.5
36734	40
36735	38
36736	39
36737	38
36738	31.5
36739	39.5
36740	40.5
36741	39
36742	39.5
36743	36
36744	37.5
36745	38
36746	40.5
36747	42
36748	43.5
36749	40
36750	40
36751	39
36752	40
36753	39
36754	38
36755	33
36756	40
36757	42
36758	40
36759	40
36760	37.5
36761	36.5
36762	39
36763	42.5
36764	42
36765	36
36766	36.5
36767	36.5
36768	39
36769	40.5
36770	40.5
36771	40.5
36772	40.5
36773	39
36774	41
36775	42.5
36776	40.5
36777	40
36778	39
36779	35
36780	38.5
36781	40
36782	39
36783	41
36784	37
36785	30
36786	32
36787	39
36788	39
36789	38
36790	38.5
36791	36
36792	36
36793	36
36794	38
36795	39
36796	40.5
36797	42
36798	40.5
36799	39
36800	39.5
36801	38
36802	39.5
36803	39
36804	39.5
36805	40.5
36806	40
36807	32
36808	30
36809	33
36810	33
36811	35
36812	34.5
36813	35
36814	35
36815	35
36816	37.5
36817	37.5
36818	35
36819	35
36820	29
36821	28
36822	30
36823	33
36824	32.5
36825	31
36826	28.5
36827	29.5
36828	28
36829	27
36830	26
36831	28
36832	28
36833	31
36834	30
36835	26
36836	26.5
36837	24
36838	25
36839	24
36840	27
36841	28
36842	27
36843	26.5
36844	29
36845	26.5
36846	24
36847	22
36848	25
36849	28
36850	28
36851	33
36852	30
36853	28
36854	27.5
36855	29
36856	28
36857	30
36858	30
36859	31
36860	32
36861	30.5
36862	30
36863	30.5
36864	32
36865	31.5
36866	31
36867	32.5
36868	30
36869	28.5
36870	29
36871	27
36872	27
36873	25
36874	26.5
36875	30
36876	29.5
36877	29
36878	29
36879	30.5
36880	27
36881	29.5
36882	29
36883	29
36884	25.5
36885	27.5
36886	27
36887	28
36888	28
36889	28
36890	29
36891	29
36892	27
36893	27
36894	29
36895	32.5
36896	33
36897	32
36898	32
36899	29
36900	24
36901	24
36902	22.5
36903	24.5
36904	25
36905	25
36906	24
36907	22.5
36908	22
36909	20.5
36910	24
36911	26
36912	27.5
36913	26.5
36914	25
36915	29
36916	27
36917	26
36918	24
36919	26
36920	23
36921	24
36922	23.5
36923	22
36924	30.5
36925	30
36926	35
36927	34
36928	33
36929	28
36930	21
36931	25.5
36932	25
36933	25.5
36934	24
36935	22
36936	25
36937	23
36938	26.5
36939	28
36940	28
36941	31
36942	31
36943	32
36944	30
36945	29
36946	26.5
36947	24
36948	25
36949	24
36950	24
36951	23
36952	22
36953	23
36954	28
36955	28
36956	27
36957	27
36958	27
36959	26
36960	27
36961	24
36962	24
36963	24
36964	27.5
36965	29
36966	27
36967	26.5
36968	30
36969	33
36970	32.5
36971	33
36972	33.5
36973	32
36974	34
36975	34
36976	32
36977	28
36978	29
36979	29
36980	28
36981	29
36982	29.5
36983	27
36984	28
36985	29
36986	28
36987	26.5
36988	29
36989	32
36990	30
36991	24
36992	26
36993	29
36994	30
36995	30.5
36996	34
36997	35
36998	35
36999	35
37000	37
37001	34.5
37002	32
37003	30
37004	30
37005	33
37006	34
37007	36
37008	38
37009	37
37010	37
37011	37
37012	38
37013	33
37014	28
37015	32
37016	35
37017	35
37018	37
37019	38
37020	39
37021	39
37022	39.5
37023	39.5
37024	38
37025	39
37026	40
37027	43.5
37028	41.5
37029	38
37030	38
37031	37
37032	36.5
37033	37
37034	37
37035	38
37036	38
37037	38
37038	39
37039	37
37040	36
37041	37
37042	38
37043	39
37044	38
37045	38
37046	36.5
37047	37
37048	39.5
37049	39
37050	39
37051	39.5
37052	39.5
37053	39.5
37054	38
37055	35
37056	34
37057	36
37058	39
37059	37
37060	38
37061	38
37062	40.5
37063	40.5
37064	40.5
37065	43
37066	41.5
37067	41
37068	39
37069	41
37070	40
37071	40
37072	41
37073	41
37074	41
37075	34
37076	39
37077	37
37078	37.5
37079	38
37080	41.5
37081	37
37082	39
37083	40
37084	41
37085	40
37086	40
37087	40
37088	39
37089	40.5
37090	41.5
37091	41
37092	41
37093	39
37094	40
37095	42
37096	37
37097	36
37098	36.5
37099	37.5
37100	35
37101	37
37102	40
37103	41
37104	38
37105	40
37106	38.5
37107	38
37108	38
37109	40
37110	40
37111	38.5
37112	40.5
37113	40
37114	37.5
37115	39
37116	38.5
37117	37.5
37118	40
37119	41
37120	37
37121	40
37122	39
37123	40
37124	41
37125	41.5
37126	40.5
37127	41
37128	43
37129	41.5
37130	38.5
37131	37
37132	33.5
37133	36
37134	38
37135	39
37136	38.5
37137	40.5
37138	39.5
37139	38.5
37140	40
37141	39
37142	40
37143	39
37144	39
37145	40.5
37146	37
37147	36
37148	36
37149	38
37150	39
37151	40
37152	39.5
37153	40.5
37154	40
37155	40
37156	36.5
37157	40
37158	41.5
37159	41.5
37160	39.5
37161	37.5
37162	35.5
37163	31
37164	31
37165	30
37166	32
37167	33
37168	32
37169	32
37170	33
37171	33
37172	31.5
37173	32
37174	33
37175	35
37176	34
37177	33
37178	35
37179	35.5
37180	37
37181	38.5
37182	37.5
37183	38
37184	38
37185	37
37186	37
37187	36
37188	35
37189	35
37190	36.5
37191	36
37192	37.5
37193	38.5
37194	36.5
37195	34
37196	34.5
37197	35
37198	34
37199	37
37200	36.5
37201	35
37202	36.5
37203	36.5
37204	36
37205	36
37206	35
37207	34
37208	33
37209	29
37210	29
37211	30
37212	29.5
37213	31
37214	32.5
37215	32
37216	31.5
37217	31
37218	28.5
37219	28
37220	30
37221	29
37222	25
37223	21
37224	25
37225	28
37226	29
37227	29
37228	29
37229	26
37230	26
37231	24
37232	27
37233	27
37234	29
37235	28
37236	22
37237	23
37238	23
37239	21
37240	23
37241	21
37242	21
37243	27
37244	30
37245	27
37246	27
37247	26
37248	27
37249	27.5
37250	26
37251	26
37252	24
37253	26
37254	28.5
37255	24
37256	26
37257	26
37258	27
37259	27
37260	25
37261	25.5
37262	27.5
37263	28
37264	29
37265	28
37266	27.5
37267	25
37268	28.5
37269	27
37270	26
37271	27
37272	28
37273	28
37274	26.5
37275	23
37276	25
37277	25
37278	27
37279	24
37280	23
37281	25
37282	27
37283	23
37284	27.5
37285	23
37286	19
37287	20
37288	19
37289	20
37290	21
37291	18
37292	21
37293	25
37294	26
37295	29
37296	28
37297	28
37298	28
37299	27
37300	28
37301	28
37302	30
37303	31
37304	31
37305	25
37306	26
37307	28
37308	33
37309	32
37310	33
37311	34
37312	31
37313	30
37314	29
37315	28
37316	29
37317	25
37318	25
37319	27
37320	29
37321	28
37322	28.5
37323	28.5
37324	28
37325	33
37326	29
37327	30
37328	30
37329	28
37330	26
37331	25.5
37332	26
37333	24
37334	22
37335	26.5
37336	32
37337	31.5
37338	31
37339	32
37340	30
37341	32
37342	36
37343	36
37344	33
37345	29
37346	32.5
37347	32
37348	32
37349	32
37350	35
37351	35
37352	34.5
37353	35
37354	30
37355	32
37356	31
37357	30
37358	31
37359	31.5
37360	30
37361	29
37362	29
37363	31
37364	31
37365	31.5
37366	32
37367	33
37368	33
37369	38
37370	40
37371	37
37372	38
37373	37
37374	38
37375	42
37376	37
37377	40
37378	35
37379	37
37380	38
37381	38
37382	38
37383	38
37384	38.5
37385	38.5
37386	36
37387	37
37388	38
37389	38
37390	39
37391	37
37392	39
37393	37
37394	37
37395	38
37396	38.5
37397	40
37398	36
37399	36
37400	36.5
37401	37
37402	38
37403	39
37404	38
37405	40
37406	40
37407	39.5
37408	39
37409	38.5
37410	37
37411	35
37412	38
37413	39
37414	38
37415	39
37416	39.5
37417	38
37418	37
37419	36
37420	35
37421	37.5
37422	38
37423	39.5
37424	39
37425	40
37426	40.5
37427	41
37428	39.5
37429	40
37430	40.5
37431	41.5
37432	41
37433	40
37434	39.5
37435	38.5
37436	39
37437	39
37438	38.5
37439	41
37440	41
37441	39
37442	39
37443	40
37444	40
37445	39.5
37446	41
37447	40.5
37448	38.5
37449	39
37450	38
37451	39
37452	38.5
37453	40
37454	40
37455	40.5
37456	33
37457	30
37458	38
37459	38
37460	37
37461	37
37462	37
37463	38.5
37464	38
37465	40
37466	41
37467	40
37468	40.5
37469	39
37470	37
37471	36
37472	37
37473	35
37474	36
37475	39
37476	41
37477	39
37478	39
37479	39
37480	38
37481	38.5
37482	38
37483	38.5
37484	38
37485	38.5
37486	39.5
37487	39
37488	38.5
37489	39.5
37490	39.5
37491	41
37492	42.5
37493	40.5
37494	41
37495	39.5
37496	39.5
37497	41.5
37498	41.5
37499	43
37500	41.5
37501	39.5
37502	39.5
37503	39
37504	40
37505	37
37506	38.5
37507	39
37508	39
37509	40
37510	39
37511	40
37512	38.5
37513	38
37514	40
37515	39
37516	30
37517	34
37518	40
37519	36.5
37520	36.5
37521	41
37522	39.5
37523	38
37524	40
37525	39
37526	37
37527	36.5
37528	36
37529	35.5
37530	34.5
37531	35
37532	35
37533	36
37534	36
37535	36.5
37536	36.5
37537	37
37538	37
37539	38
37540	37
37541	36.5
37542	38
37543	38
37544	38
37545	36
37546	34
37547	32
37548	31.5
37549	33
37550	32
37551	32
37552	32
37553	32
37554	32
37555	32
37556	33
37557	34
37558	34
37559	34
37560	33
37561	33
37562	32.5
37563	33
37564	33
37565	32.5
37566	35
37567	35
37568	32
37569	32.5
37570	34
37571	34
37572	34
37573	34.5
37574	34
37575	34.5
37576	33
37577	35
37578	35
37579	33
37580	32
37581	36
37582	34.5
37583	35
37584	34.5
37585	34.5
37586	35
37587	30
37588	30
37589	26
37590	25
37591	27
37592	26
37593	25
37594	25
37595	25
37596	25.5
37597	26
37598	27
37599	29
37600	22
37601	22
37602	27
37603	27
37604	27
37605	27.5
37606	27
37607	29
37608	24
37609	25
37610	28
37611	28
37612	25
37613	19
37614	20
37615	21
37616	25
37617	26
37618	29
37619	29
37620	25
37621	31.5
37622	29
37623	27
37624	29
37625	30
37626	32
37627	32
37628	29
37629	29
37630	29
37631	29
37632	30
37633	27
37634	27
37635	27
37636	28
37637	29.5
37638	32
37639	32
37640	33
37641	33
37642	32.5
37643	30
37644	33
37645	32.5
37646	33
37647	32
37648	34
37649	35
37650	33
37651	34.5
37652	35
37653	35
37654	34.5
37655	33
37656	29
37657	27
37658	28
37659	25.5
37660	26
37661	26
37662	26
37663	30
37664	29
37665	24.5
37666	24
37667	26
37668	28
37669	29
37670	30
37671	30
37672	25
37673	25
37674	28
37675	29
37676	28
37677	25
37678	25.5
37679	26
37680	26
37681	25
37682	25
37683	24
37684	26
37685	26
37686	28
37687	28
37688	28
37689	36
37690	36.5
37691	36
37692	34
37693	33
37694	36
37695	35
37696	34
37697	34
37698	23
37699	26
37700	26
37701	28
37702	35
37703	34
37704	34
37705	33
37706	35
37707	39
37708	38.5
37709	39
37710	39
37711	39
37712	36
37713	35
37714	33
37715	35
37716	34
37717	30
37718	33
37719	37
37720	39
37721	36
37722	35.5
37723	38
37724	38.5
37725	37
37726	33.5
37727	35.5
37728	33
37729	32
37730	36
37731	36
37732	38
37733	34
37734	33.5
37735	34.5
37736	35
37737	35.5
37738	35
37739	37
37740	35.5
37741	35
37742	35
37743	35
37744	36
37745	36.5
37746	33
37747	36
37748	36
37749	36
37750	36
37751	37.5
37752	37
37753	39
37754	40
37755	39.5
37756	38
37757	38
37758	39
37759	38.5
37760	40
37761	39.5
37762	38
37763	39
37764	39.5
37765	39.5
37766	39
37767	37.5
37768	39
37769	39.5
37770	39
37771	38.5
37772	39
37773	39
37774	39.5
37775	38
37776	38
37777	38
37778	39
37779	39
37780	39
37781	39
37782	39
37783	39.5
37784	39
37785	39
37786	39.5
37787	39
37788	41.5
37789	41
37790	41.5
37791	41
37792	40
37793	40
37794	40
37795	39.5
37796	40.5
37797	40.5
37798	40.5
37799	41
37800	39
37801	39.5
37802	40
37803	37
37804	37
37805	42.5
37806	39.5
37807	39
37808	39
37809	40.5
37810	39.5
37811	38
37812	40
37813	39.5
37814	40.5
37815	42
37816	44
37817	42
37818	41
37819	40.5
37820	39
37821	39.5
37822	39
37823	41
37824	40
37825	43
37826	38.5
37827	39
37828	37
37829	40.5
37830	37.5
37831	37.5
37832	37
37833	39
37834	39
37835	39.5
37836	40
37837	39
37838	41
37839	39
37840	39.5
37841	39
37842	38
37843	38
37844	42
37845	40
37846	41.5
37847	41.5
37848	41
37849	40
37850	41
37851	38.5
37852	39
37853	38
37854	37.5
37855	37
37856	36
37857	36.5
37858	39
37859	35
37860	37
37861	36.5
37862	36
37863	38
37864	39
37865	37.5
37866	36.5
37867	37
37868	36
37869	37
37870	38
37871	38
37872	35.5
37873	36
37874	36
37875	37
37876	38
37877	38.5
37878	38
37879	39
37880	38.5
37881	34
37882	34
37883	38.5
37884	36.5
37885	37.5
37886	30
37887	31
37888	34
37889	36
37890	35
37891	35
37892	34.5
37893	37
37894	38
37895	39
37896	40
37897	37
37898	37
37899	37.5
37900	36
37901	35
37902	33
37903	32
37904	30.5
37905	32
37906	34
37907	34
37908	33.5
37909	37
37910	36
37911	37.5
37912	37
37913	37
37914	38
37915	38.5
37916	38.5
37917	37
37918	35
37919	35.5
37920	35
37921	35
37922	34.5
37923	34.5
37924	32
37925	30
37926	31
37927	31.5
37928	33
37929	33
37930	32
37931	33
37932	33
37933	34
37934	33
37935	33
37936	36
37937	38
37938	37
37939	28
37940	28
37941	28
37942	28
37943	29
37944	28
37945	28
37946	32.5
37947	28
37948	31
37949	32
37950	29
37951	29
37952	30
37953	31
37954	32
37955	32
37956	36
37957	36
37958	33
37959	32
37960	32
37961	32
37962	32.5
37963	29
37964	29
37965	28
37966	27
37967	26
37968	26
37969	25
37970	28
37971	28
37972	28
37973	29
37974	32
37975	33
37976	33
37977	31
37978	29
37979	29
37980	30
37981	28
37982	30
37983	22
37984	25
37985	24
37986	27
37987	26.5
37988	26
37989	27
37990	28
37991	27
37992	28
37993	29
37994	28
37995	27
37996	28
37997	28
37998	28
37999	26
38000	27
38001	21
38002	24
38003	26
38004	27
38005	28
38006	26
38007	26
38008	28
38009	27.5
38010	26
38011	24
38012	24.5
38013	23
38014	21.5
38015	23
38016	28
38017	25
38018	25
38019	26.5
38020	26
38021	26
38022	25
38023	26
38024	25.5
38025	26
38026	26
38027	23
38028	25
38029	25
38030	25
38031	25.5
38032	26
38033	26.5
38034	35
38035	37.5
38036	37
38037	27
38038	26
38039	25.5
38040	25
38041	21.5
38042	26.5
38043	28
38044	26.5
38045	26
38046	26.5
38047	27
38048	25
38049	22
38050	23
38051	25.5
38052	28
38053	32
38054	34.5
38055	34.5
38056	37.5
38057	35
38058	31
38059	32.5
38060	33.5
38061	34
38062	36
38063	38
38064	38
38065	36
38066	36.5
38067	37
38068	38
38069	38
38070	34
38071	35
38072	36
38073	35
38074	35
38075	35.5
38076	37
38077	36.5
38078	33
38079	26
38080	26
38081	28
38082	29
38083	30.5
38084	32.5
38085	32
38086	33
38087	30
38088	33.5
38089	33
38090	37
38091	36.5
38092	35
38093	35.5
38094	35
38095	36.5
38096	38.5
38097	38
38098	37.5
38099	37
38100	35.5
38101	35
38102	35.5
38103	36
38104	38
38105	38
38106	38
38107	37
38108	37
38109	38
38110	39
38111	38
38112	38
38113	38.5
38114	38
38115	39.5
38116	39
38117	39
38118	38
38119	38
38120	37
38121	38
38122	38
38123	38.5
38124	39
38125	38.5
38126	39
38127	38.5
38128	39.5
38129	39.5
38130	39.5
38131	39.5
38132	39.5
38133	39.5
38134	38
38135	39
38136	39
38137	39.5
38138	39.5
38139	39
38140	39
38141	39
38142	39.5
38143	39.5
38144	40
38145	39
38146	39.5
38147	39
38148	39
38149	39
38150	42
38151	41.5
38152	42
38153	41.5
38154	41.5
38155	42
38156	41.5
38157	40
38158	41.5
38159	40
38160	40
38161	40
38162	40
38163	39
38164	39
38165	40
38166	38
38167	43
38168	41
38169	43
38170	42
38171	41
38172	42
38173	39
38174	38
38175	38
38176	38.5
38177	40
38178	42
38179	43
38180	39
38181	39.5
38182	39
38183	38
38184	39
38185	36
38186	38
38187	39.5
38188	39
38189	39
38190	34
38191	34
38192	33
38193	36
38194	38
38195	39
38196	38
38197	38
38198	38
38199	38
38200	36
38201	39
38202	38
38203	37
38204	32
38205	35
38206	36
38207	38.5
38208	38.5
38209	39
38210	39.5
38211	40.5
38212	38
38213	38.5
38214	38.5
38215	40
38216	39.5
38217	39
38218	38
38219	39
38220	38
38221	37.5
38222	37.5
38223	38
38224	40
38225	43
38226	37
38227	38
38228	35
38229	37.5
38230	35
38231	35.5
38232	37
38233	34
38234	27.5
38235	27
38236	34
38237	35.5
38238	36
38239	37
38240	37
38241	37
38242	37
38243	36.5
38244	38
38245	37
38246	36.5
38247	32
38248	32
38249	31.5
38250	33
38251	34
38252	33
38253	33.5
38254	31
38255	33
38256	35.5
38257	34
38258	33
38259	33
38260	35.5
38261	34
38262	35
38263	34.5
38264	37
38265	38
38266	38.5
38267	37
38268	37
38269	39
38270	36.5
38271	33.5
38272	34
38273	32.5
38274	35
38275	35
38276	36
38277	34
38278	35
38279	33.5
38280	35
38281	34
38282	33
38283	32
38284	33
38285	25.5
38286	26.5
38287	27
38288	29
38289	30
38290	25
38291	26
38292	25
38293	26
38294	28
38295	29
38296	30
38297	32
38298	33
38299	32.5
38300	31
38301	31
38302	32
38303	32
38304	27
38305	26.5
38306	22
38307	26.5
38308	27
38309	28
38310	27.5
38311	28
38312	26
38313	23.5
38314	22.5
38315	25
38316	27
38317	27.5
38318	27
38319	22
38320	21
38321	24
38322	23
38323	24
38324	24
38325	25
38326	24
38327	21
38328	24
38329	25
38330	26
38331	26
38332	27
38333	26
38334	30
38335	28
38336	29
38337	29
38338	30
38339	31
38340	31
38341	30
38342	26.5
38343	27
38344	26
38345	26
38346	26
38347	25
38348	26
38349	24
38350	29
38351	28
38352	28
38353	26
38354	20
38355	22
38356	22
38357	24
38358	24.5
38359	25
38360	26
38361	27
38362	30
38363	30
38364	30
38365	29
38366	27
38367	32
38368	30
38369	29
38370	30
38371	30
38372	26
38373	27
38374	27
38375	26
38376	28
38377	29
38378	27
38379	27
38380	26
38381	27
38382	23
38383	25.5
38384	16
38385	24
38386	27
38387	23
38388	21
38389	25
38390	24
38391	28
38392	26
38393	26
38394	24.5
38395	23
38396	24.5
38397	26
38398	27
38399	27
38400	27
38401	28
38402	29
38403	29
38404	29
38405	30
38406	29
38407	27
38408	24
38409	24
38410	26
38411	26
38412	28
38413	26
38414	28
38415	27
38416	27
38417	26
38418	27
38419	28
38420	32
38421	34
38422	31
38423	30
38424	31
38425	28
38426	27
38427	27
38428	27
38429	28
38430	29
38431	31
38432	31
38433	32.5
38434	33
38435	31
38436	30
38437	31
38438	34
38439	33
38440	30
38441	32
38442	31.5
38443	32
38444	33
38445	33
38446	34
38447	34
38448	34.5
38449	36
38450	33
38451	30
38452	29
38453	32
38454	34
38455	34.5
38456	32
38457	38
38458	38
38459	36
38460	34
38461	35
38462	36
38463	37
38464	36
38465	39
38466	36
38467	33
38468	33
38469	34
38470	34
38471	34
38472	33
38473	35
38474	35
38475	36
38476	36
38477	35.5
38478	37
38479	34
38480	36
38481	36.5
38482	37
38483	38
38484	37.5
38485	39.5
38486	38
38487	38
38488	39
38489	39
38490	39.5
38491	40
38492	41
38493	41
38494	40
38495	39
38496	39
38497	38.5
38498	38
38499	38.5
38500	37
38501	39
38502	39
38503	40.5
38504	40
38505	38
38506	38
38507	38.5
38508	39
38509	39
38510	39
38511	40.5
38512	41.5
38513	38.5
38514	38
38515	37
38516	39.5
38517	38
38518	39
38519	39
38520	40
38521	40
38522	39.5
38523	40
38524	41.5
38525	40.5
38526	41
38527	42
38528	43
38529	42.5
38530	43
38531	43.5
38532	42
38533	42
38534	40
38535	41.5
38536	42
38537	43
38538	42.5
38539	42
38540	42
38541	41
38542	42
38543	43
38544	41.5
38545	41.5
38546	40
38547	41
38548	40
38549	39.5
38550	42
38551	40
38552	41
38553	38.5
38554	39
38555	31
38556	35.5
38557	34.5
38558	38
38559	38
38560	36
38561	34
38562	36
38563	37
38564	38
38565	37
38566	35
38567	36
38568	37
38569	36
38570	37
38571	37.5
38572	36
38573	36
38574	36.5
38575	36
38576	34.5
38577	35
38578	35
38579	38
38580	37
38581	37.5
38582	39
38583	35.5
38584	43.5
38585	42
38586	37
38587	37
38588	38
38589	37.5
38590	37
38591	36.5
38592	38
38593	38
38594	39
38595	37.5
38596	38.5
38597	36
38598	37
38599	39
38600	40
38601	39
38602	39.5
38603	39
38604	38
38605	39
38606	39.5
38607	38.5
38608	38.5
38609	39
38610	40.5
38611	41.5
38612	41.5
38613	40
38614	40
38615	40
38616	41
38617	41
38618	41
38619	40.5
38620	40
38621	40
38622	41.5
38623	41.5
38624	40
38625	39.5
38626	37
38627	36
38628	37
38629	37.5
38630	38.5
38631	39
38632	38
38633	37.5
38634	36
38635	34
38636	34
38637	35
38638	35
38639	35
38640	35.5
38641	36
38642	37
38643	36
38644	36.5
38645	36
38646	36
38647	35.5
38648	35
38649	35
38650	35
38651	32.5
38652	32.5
38653	33
38654	34.5
38655	33.5
38656	34
38657	38.5
38658	37
38659	38.5
38660	37
38661	37.5
38662	36
38663	37
38664	38
38665	37
38666	37.5
38667	35
38668	34.5
38669	33
38670	34
38671	34
38672	34.5
38673	35.5
38674	35
38675	34.5
38676	33
38677	34.5
38678	35
38679	33
38680	30
38681	30
38682	31
38683	29
38684	29
38685	29.5
38686	32
38687	32
38688	32
38689	31.5
38690	31
38691	30
38692	28.5
38693	29
38694	30
38695	28
38696	29
38697	29.5
38698	32
38699	32
38700	28
38701	28
38702	27
38703	26
38704	28
38705	30.5
38706	33.5
38707	32
38708	32
38709	32.5
38710	32
38711	32
38712	32
38713	32
38714	32
38715	32
38716	32
38717	32.5
38718	31
38719	31
38720	32
38721	32
38722	33
38723	33
38724	32.5
38725	32
38726	31
38727	32.5
38728	30
38729	31
38730	31
38731	31.5
38732	31.5
38733	24.5
38734	26
38735	27
38736	27
38737	27.5
38738	27
38739	28
38740	28
38741	28
38742	32
38743	29
38744	25
38745	28
38746	28.5
38747	32.5
38748	30
38749	30
38750	29.5
38751	32
38752	33
38753	31
38754	32.5
38755	31
38756	30
38757	26.5
38758	28
38759	32
38760	34.5
38761	32.5
38762	31
38763	31
38764	30
38765	32
38766	31
38767	32.5
38768	32
38769	30
38770	27
38771	30
38772	31
38773	32
38774	31
38775	35
38776	33
38777	34.5
38778	33.5
38779	33
38780	34
38781	34.5
38782	35
38783	33
38784	26.5
38785	30
38786	26
38787	27
38788	26.5
38789	30
38790	34
38791	32
38792	31.5
38793	32
38794	26
38795	23.5
38796	27
38797	27.5
38798	29
38799	32
38800	34.5
38801	34
38802	34.5
38803	35
38804	33
38805	34
38806	33.5
38807	34.5
38808	34.5
38809	37
38810	37.5
38811	38
38812	34
38813	34.5
38814	36
38815	36.5
38816	39
38817	38
38818	36.5
38819	42
38820	43
38821	39
38822	36
38823	36.5
38824	37
38825	38
38826	36
38827	37
38828	38
38829	38.5
38830	36
38831	37.5
38832	37
38833	38.5
38834	33
38835	31.5
38836	38
38837	39
38838	38.5
38839	37.5
38840	38
38841	38.5
38842	38
38843	38
38844	33
38845	38
38846	38
38847	39
38848	40
38849	40
38850	40.5
38851	41.5
38852	42.5
38853	40.5
38854	40.5
38855	40.5
38856	40
38857	40.5
38858	41
38859	40
38860	42.5
38861	41.5
38862	40
38863	39
38864	39.5
38865	38
38866	39
38867	39
38868	41.5
38869	43
38870	43
38871	40.5
38872	38
38873	39
38874	41.5
38875	40.5
38876	42.5
38877	42
38878	41.5
38879	42
38880	41
38881	41.5
38882	43
38883	41.5
38884	41
38885	42
38886	43
38887	42.5
38888	42.5
38889	40
38890	40.5
38891	42
38892	41.5
38893	42.5
38894	41.5
38895	38
38896	40
38897	41.5
38898	41
38899	39
38900	40
38901	37
38902	39.5
38903	42
38904	41
38905	42
38906	43.5
38907	42.5
38908	39.5
38909	39.5
38910	40
38911	40
38912	38
38913	36
38914	37
38915	40
38916	42
38917	42
38918	41.5
38919	43
38920	39.5
38921	43
38922	39
38923	35.5
38924	34
38925	36.5
38926	34.5
38927	33
38928	35.5
38929	34
38930	35
38931	36
38932	33.5
38933	38
38934	38
38935	37
38936	36
38937	36.5
38938	37.5
38939	38.5
38940	39
38941	39
38942	37
38943	36
38944	34.5
38945	36.5
38946	36.5
38947	40
38948	36
38949	36
38950	37
38951	38
38952	38
38953	36.5
38954	36
38955	38
38956	37.5
38957	35
38958	37
38959	38.5
38960	41
38961	38
38962	36
38963	35
38964	37
38965	40
38966	35
38967	33
38968	34
38969	34
38970	35.5
38971	37
38972	37
38973	36.5
38974	37
38975	38
38976	38
38977	37
38978	37.5
38979	39
38980	37
38981	36.5
38982	35
38983	34.5
38984	38
38985	38
38986	37
38987	37.5
38988	39
38989	37
38990	37.5
38991	38
38992	39
38993	39
38994	39.5
38995	41
38996	36.5
38997	37
38998	36
38999	35
39000	36
39001	37
39002	37.5
39003	37
39004	37.5
39005	35
39006	33
39007	33
39008	34
39009	35
39010	36
39011	35
39012	36.5
39013	36.5
39014	23
39015	32
39016	33
39017	33
39018	35
39019	34.5
39020	33
39021	33.5
39022	34.5
39023	35
39024	37
39025	36.5
39026	37.5
39027	37
39028	36.5
39029	36
39030	34
39031	34
39032	35
39033	33
39034	33.5
39035	32.5
39036	33
39037	33.5
39038	33
39039	34
39040	34.5
39041	35
39042	34
39043	34
39044	34
39045	33.5
39046	32
39047	31
39048	30
39049	30
39050	27
39051	27
39052	28
39053	30
39054	31
39055	33
39056	32
39057	31
39058	21
39059	24
39060	27.5
39061	28
39062	29.5
39063	30
39064	29
39065	30
39066	31
39067	30
39068	29
39069	27.5
39070	24
39071	22.5
39072	27
39073	27
39074	25
39075	25.5
39076	29
39077	30
39078	29
39079	26
39080	19
39081	20
39082	25
39083	29
39084	23
39085	23.5
39086	26
39087	26.5
39088	25
39089	29
39090	33.5
39091	33
39092	32
39093	25.5
39094	26
39095	24
39096	21
39097	24
39098	19
39099	18
39100	17
39101	14.5
39102	20
39103	21
39104	14
39105	21
39106	19.5
39107	21.5
39108	24
39109	25
39110	28
39111	27
39112	26
39113	24
39114	22
39115	24
39116	28
39117	30
39118	32
39119	34.5
39120	31
39121	31
39122	30
39123	29
39124	28
39125	26.5
39126	25
39127	24
39128	27
39129	32
39130	31.5
39131	31
39132	25
39133	26
39134	30.5
39135	29
39136	30.5
39137	29
39138	30.5
39139	32
39140	33
39141	29
39142	30
39143	29
39144	31
39145	31
39146	34.5
39147	32
39148	34.5
39149	35
39150	35
39151	35
39152	35
39153	35
39154	34.5
39155	36
39156	37
39157	40
39158	39
39159	35
39160	36
39161	37
39162	34
39163	29
39164	25
39165	30
39166	29
39167	32
39168	34
39169	31
39170	30
39171	33
39172	35
39173	36
39174	35
39175	36.5
39176	38
39177	39.5
39178	36
39179	34.5
39180	30
39181	31
39182	32
39183	33
39184	33
39185	31.5
39186	36
39187	36
39188	30
39189	33
39190	36
39191	35
39192	36
39193	35
39194	32
39195	35
39196	34
39197	35
39198	35
39199	36
39200	35
39201	35
39202	36
39203	36
39204	35
39205	36.5
39206	37.5
39207	36
39208	34.5
39209	35.5
39210	36
39211	36.5
39212	39.5
39213	41.5
39214	41
39215	40
39216	40
39217	39
39218	39
39219	39.5
39220	39
39221	39
39222	38.5
39223	37
39224	37
39225	36.5
39226	38.5
39227	39.5
39228	40
39229	41.5
39230	39.5
39231	40
39232	41.5
39233	41.5
39234	40
39235	39.5
39236	41
39237	40.5
39238	40.5
39239	38.5
39240	39
39241	39
39242	40
39243	39.5
39244	30
39245	38.5
39246	43
39247	42.5
39248	42
39249	41
39250	40
39251	39.5
39252	39.5
39253	40.5
39254	39.5
39255	40.5
39256	40
39257	42
39258	42
39259	42
39260	42
39261	43
39262	42
39263	41
39264	40
39265	41
39266	42
39267	41
39268	41
39269	38.5
39270	38
39271	35
39272	37
39273	38
39274	40
39275	37
39276	38
39277	39.5
39278	43.5
39279	43
39280	41.5
39281	38
39282	37
39283	32
39284	34.5
39285	37
39286	28
39287	34
39288	34
39289	35
39290	37
39291	36
39292	36
39293	33
39294	32.5
39295	34.5
39296	36.5
39297	37
39298	26
39299	31
39300	35.5
39301	36.5
39302	36.5
39303	36
39304	34.5
39305	39
39306	39
39307	34.5
39308	36.5
39309	37.5
39310	38
39311	40.5
39312	38
39313	35
39314	36.5
39315	38
39316	37.5
39317	39.5
39318	37
39319	34
39320	37
39321	37.5
39322	36.5
39323	36.5
39324	36.5
39325	37
39326	38.5
39327	39
39328	36.5
39329	32
39330	25
39331	31
39332	30.5
39333	33
39334	34
39335	35.5
39336	35
39337	35
39338	34.5
39339	35
39340	34.5
39341	33
39342	34
39343	34
39344	33.5
39345	34
39346	34.5
39347	34.5
39348	34
39349	33.5
39350	34.5
39351	35.5
39352	36
39353	36
39354	34.5
39355	34.5
39356	35
39357	35.5
39358	37
39359	35
39360	34.5
39361	34
39362	34
39363	36
39364	37
39365	38.5
39366	38
39367	36.5
39368	35
39369	34
39370	34
39371	33.5
39372	33.5
39373	34
39374	36.5
39375	37
39376	37
39377	37
39378	36
39379	37.5
39380	37
39381	36
39382	37
39383	38
39384	38
39385	35
39386	37
39387	36.5
39388	36
39389	36.5
39390	35
39391	37.5
39392	38.5
39393	38
39394	37.5
39395	36
39396	35
39397	33
39398	35
39399	34.5
39400	34.5
39401	31
39402	32
39403	31.5
39404	33.5
39405	33
39406	33.5
39407	34
39408	31.5
39409	31
39410	33
39411	32
39412	26
39413	29
39414	30
39415	34
39416	31
39417	25
39418	27
39419	26
39420	30
39421	29
39422	29
39423	27
39424	28
39425	27.5
39426	17
39427	22
39428	22
39429	22
39430	21.5
39431	24.5
39432	24
39433	23
39434	26.5
39435	26.5
39436	26.5
39437	26.5
39438	26
39439	23.5
39440	26.5
39441	25.5
39442	21
39443	21.5
39444	23
39445	24
39446	23.5
39447	28
39448	29
39449	22.5
39450	27
39451	29
39452	29.5
39453	28
39454	26.5
39455	26
39456	25
39457	28
39458	27.5
39459	29
39460	28
39461	24.5
39462	25
39463	24
39464	23
39465	22
39466	21.5
39467	24.5
39468	26
39469	26
39470	20
39471	17
39472	22
39473	24.5
39474	26
39475	23
39476	25
39477	26
39478	27.5
39479	26
39480	23
39481	27
39482	26
39483	23
39484	26
39485	29
39486	30
39487	32
39488	33
39489	32
39490	33
39491	32
39492	25.5
39493	26
39494	24.5
39495	28.5
39496	30
39497	29
39498	28.5
39499	28
39500	30
39501	32
39502	38
39503	36
39504	32.5
39505	35
39506	31.5
39507	33
39508	36
39509	32
39510	21.5
39511	30
39512	29
39513	28.5
39514	31
39515	31.5
39516	30
39517	31.5
39518	33.5
39519	33.5
39520	33
39521	34
39522	33.5
39523	26
39524	20
39525	24.5
39526	33
39527	35.5
39528	36.5
39529	36
39530	37
39531	37
39532	36
39533	36
39534	35
39535	35
39536	35
39537	36
39538	34
39539	34
39540	35
39541	35
39542	34.5
39543	33.5
39544	33.5
39545	34
39546	33.5
39547	31
39548	33
39549	35
39550	39
39551	39.5
39552	38.5
39553	36
39554	36
39555	36
39556	38
39557	36
39558	35.5
39559	36.5
39560	37
39561	36.5
39562	36
39563	37
39564	38
39565	38.5
39566	39.5
39567	40.5
39568	37
39569	35
39570	36
39571	36.5
39572	36.5
39573	36
39574	33
39575	36
39576	37
39577	35
39578	39
39579	39
39580	39
39581	35
39582	35
39583	34
39584	35
39585	37
39586	38
39587	39
39588	39.5
39589	39
39590	33
39591	31
39592	34
39593	35
39594	36
39595	36
39596	38
39597	40
39598	42
39599	42.5
39600	41
39601	43
39602	43.5
39603	40
39604	37
39605	37.5
39606	37
39607	39
39608	40
39609	39
39610	36
39611	36.5
39612	36.5
39613	39
39614	40
39615	39
39616	40.5
39617	41
39618	42
39619	41
39620	42
39621	41.5
39622	41.5
39623	39
39624	40.5
39625	41.5
39626	39.5
39627	41.5
39628	42
39629	39
39630	40.5
39631	39
39632	34
39633	34.5
39634	35.5
39635	36
39636	37.5
39637	37.5
39638	34.5
39639	34
39640	34.5
39641	33
39642	34.5
39643	36
39644	34.5
39645	37
39646	38
39647	33.5
39648	32.5
39649	35.5
39650	35
39651	36
39652	30.5
39653	35
39654	35
39655	27.5
39656	36
39657	33.5
39658	35.5
39659	35.5
39660	34.5
39661	34
39662	34
39663	34
39664	35
39665	36
39666	41.5
39667	34
39668	40
39669	39
39670	37
39671	36
39672	34
39673	38
39674	38
39675	35
39676	33
39677	33.5
39678	32
39679	35
39680	35.5
39681	34
39682	32.5
39683	33.5
39684	34.5
39685	29
39686	31
39687	32.5
39688	33
39689	34.5
39690	33
39691	35
39692	35
39693	36
39694	36.5
39695	36.5
39696	37
39697	36
39698	37.5
39699	36.5
39700	27
39701	30
39702	24.5
39703	32
39704	33
39705	34.5
39706	34.5
39707	32.5
39708	32.5
39709	33.5
39710	34
39711	34.5
39712	34.5
39713	34.5
39714	35
39715	36.5
39716	36
39717	35
39718	34.5
39719	35.5
39720	36.5
39721	37.5
39722	36.5
39723	35
39724	35
39725	36
39726	34
39727	34
39728	35
39729	35
39730	34.5
39731	33.5
39732	32
39733	31
39734	31
39735	32
39736	33
39737	38
39738	37.5
39739	38
39740	37.5
39741	36.5
39742	36
39743	36
39744	36
39745	34.5
39746	35
39747	36
39748	37
39749	37
39750	36.5
39751	36
39752	37
39753	34.5
39754	37.5
39755	38
39756	32.5
39757	31
39758	31
39759	33.5
39760	32
39761	30
39762	30
39763	26
39764	30
39765	30
39766	31.5
39767	33.5
39768	33.5
39769	32
39770	33
39771	33
39772	34.5
39773	34
39774	32
39775	32
39776	32.5
39777	32
39778	30
39779	29
39780	26
39781	27
39782	28.5
39783	31
39784	29.5
39785	29.5
39786	30
39787	29.5
39788	28.5
39789	29
39790	29
39791	26.5
39792	26.5
39793	33
39794	30
39795	28
39796	27
39797	27.5
39798	28
39799	21
39800	27
39801	27.5
39802	30.5
39803	29.5
39804	29.5
39805	27.5
39806	28
39807	28
39808	27
39809	23
39810	28
39811	29
39812	28.5
39813	29.5
39814	28.5
39815	28
39816	27
39817	26
39818	22.5
39819	24
39820	27.5
39821	30
39822	29
39823	27.5
39824	30
39825	28.5
39826	29
39827	30
39828	30.5
39829	31
39830	31.5
39831	30
39832	28
39833	34
39834	34.5
39835	28.5
39836	31
39837	31.5
39838	32.5
39839	29
39840	24
39841	27
39842	27
39843	31
39844	30
39845	28
39846	32
39847	34
39848	34
39849	32
39850	34
39851	29
39852	21.5
39853	23
39854	26
39855	25
39856	25
39857	29
39858	28.5
39859	30.5
39860	29
39861	27
39862	29
39863	32
39864	32
39865	33
39866	37.5
39867	38
39868	38
39869	39
39870	38.5
39871	37.5
39872	39
39873	39
39874	37.5
39875	37
39876	38
39877	36
39878	31.5
39879	30
39880	30
39881	23
39882	26
39883	28
39884	28.5
39885	28
39886	28
39887	29
39888	33
39889	34
39890	35
39891	34
39892	34
39893	34
39894	35
39895	34
39896	34.5
39897	33
39898	31
39899	31
39900	31
39901	30
39902	29
39903	29
39904	30
39905	31
39906	31
39907	29
39908	32
39909	33
39910	38
39911	36
39912	33
39913	29
39914	28
39915	32
39916	34
39917	30
39918	31
39919	30
39920	33
39921	35
39922	36
39923	40
39924	40
39925	39
39926	36
39927	36
39928	37
39929	35
39930	36
39931	38
39932	38
39933	38
39934	36
39935	37
39936	39
39937	39
39938	39.5
39939	40
39940	41.5
39941	40
39942	39
39943	40.5
39944	39
39945	39.5
39946	39
39947	39
39948	40
39949	41.5
39950	42.5
39951	40
39952	39
39953	37
39954	37
39955	37
39956	37
39957	38
39958	38
39959	37
39960	39
39961	39
39962	39
39963	39
39964	40
39965	39
39966	40
39967	41
39968	41
39969	40
39970	40.5
39971	40
39972	41.5
39973	40
39974	41
39975	41
39976	41.5
39977	42
39978	41
39979	40
39980	41
39981	39
39982	35
39983	38
39984	38.5
39985	38
39986	40
39987	41
39988	39
39989	38
39990	38
39991	35.5
39992	33.5
39993	34
39994	37
39995	37
39996	38
39997	38
39998	40
39999	36
40000	36
40001	39
40002	41
40003	40.5
40004	40
40005	39.5
40006	35
40007	39
40008	37.5
40009	40
40010	40
40011	41
40012	41.5
40013	37
40014	40
40015	39
40016	41
40017	40
40018	38
40019	38.5
40020	42
40021	43
40022	40.5
40023	38
40024	38
40025	39
40026	40
40027	41
40028	39
40029	40.5
40030	41
40031	41.5
40032	40
40033	39
40034	39.5
40035	40
40036	39
40037	35.5
40038	39
40039	38.5
40040	40
40041	42
40042	39
40043	37.5
40044	35
40045	35
40046	35
40047	36.5
40048	36
40049	35
40050	36
40051	39
40052	40
40053	40
40054	39
40055	38
40056	38
40057	32
40058	32.5
40059	31
40060	31
40061	33.5
40062	34
40063	36
40064	36
40065	37
40066	38
40067	38
40068	36
40069	36
40070	37
40071	38
40072	37.5
40073	39
40074	34.5
40075	37
40076	38.5
40077	39
40078	39
40079	38
40080	39
40081	40
40082	41.5
40083	42
40084	42
40085	39
40086	36
40087	34
40088	32
40089	33
40090	26.5
40091	27.5
40092	32
40093	30
40094	28
40095	33
40096	33
40097	30
40098	26.5
40099	27
40100	33
40101	34
40102	33
40103	34.5
40104	36.5
40105	35
40106	31
40107	31
40108	30
40109	31
40110	32
40111	32
40112	32
40113	32
40114	28
40115	30
40116	29
40117	31
40118	32
40119	32
40120	34
40121	36
40122	35
40123	33
40124	32
40125	33
40126	33
40127	34
40128	34.5
40129	34
40130	29
40131	28
40132	28
40133	31
40134	31.5
40135	30
40136	27
40137	30
40138	30
40139	29.5
40140	29.5
40141	29
40142	30
40143	29
40144	29
40145	27
40146	23
40147	18
40148	20.5
40149	25
40150	24
40151	26
40152	26
40153	26
40154	26
40155	25
40156	25
40157	25
40158	28.5
40159	28
40160	29
40161	27
40162	29
40163	28
40164	30
40165	29
40166	29
40167	29
40168	29
40169	24
40170	24
40171	23
40172	22
40173	25
40174	26
40175	23.5
40176	22.5
40177	23
40178	23.5
40179	23
40180	27
40181	26.5
40182	27
40183	27
40184	27.5
40185	27
40186	27
40187	29
40188	28
40189	26
40190	28
40191	28
40192	26
40193	27
40194	27
40195	26.5
40196	28
40197	26
40198	25
40199	27
40200	20
40201	23
40202	28
40203	25
40204	26.5
40205	25
40206	24
40207	23
40208	24.5
40209	25.5
40210	25
40211	21
40212	21
40213	23
40214	25
40215	26
40216	24
40217	24
40218	24
40219	22.5
40220	23
40221	25
40222	25
40223	27
40224	28.5
40225	29
40226	28
40227	29
40228	28
40229	28
40230	26.5
40231	26
40232	24
40233	24
40234	28
40235	27.5
40236	29
40237	26
40238	27
40239	28
40240	27.5
40241	28
40242	27
40243	24
40244	25
40245	26
40246	26
40247	24
40248	25
40249	29
40250	29.5
40251	28
40252	29
40253	33
40254	33
40255	31.5
40256	30
40257	32.5
40258	32
40259	32
40260	32
40261	33
40262	32.5
40263	33.5
40264	32.5
40265	32
40266	34
40267	34
40268	33
40269	33
40270	31.5
40271	31
40272	32
40273	33
40274	33
40275	31.5
40276	31.5
40277	31.5
40278	31.5
40279	32
40280	32
40281	32.5
40282	32
40283	33
40284	32.5
40285	32
40286	33
40287	32
40288	31.5
40289	30.5
40290	24
40291	27
40292	31
40293	32.5
40294	33
40295	33
40296	32.5
40297	32
40298	38
40299	30
40300	31
40301	32
40302	34.5
40303	34
40304	38
40305	40
40306	40
40307	39
40308	38
40309	39
40310	36
40311	36
40312	36
40313	36.5
40314	38
40315	39
40316	38.5
40317	38.5
40318	38
40319	38
40320	37
40321	37.5
40322	35
40323	35
40324	38
40325	38
40326	38
40327	38
40328	37.5
40329	40
40330	37
40331	36
40332	37
40333	38
40334	37.5
40335	37
40336	38
40337	38
40338	37
40339	37
40340	36
40341	36
40342	36
40343	37
40344	38
40345	38.5
40346	40
40347	41.5
40348	41.5
40349	41
40350	40.5
40351	41
40352	40
40353	39.5
40354	41.5
40355	41.5
40356	41
40357	40
40358	41
40359	42
40360	41.5
40361	40
40362	36
40363	36.5
40364	37
40365	38
40366	37
40367	39
40368	38
40369	34
40370	37
40371	38.5
40372	40
40373	41.5
40374	41
40375	39.5
40376	38
40377	41.5
40378	41
40379	41
40380	38.5
40381	39.5
40382	38
40383	40
40384	38
40385	31
40386	36
40387	38
40388	36
40389	36.5
40390	39
40391	40
40392	41
40393	42.5
40394	42
40395	41.5
40396	39.5
40397	38
40398	38.5
40399	41
40400	42
40401	38
40402	40
40403	39
40404	39
40405	37
40406	39
40407	40
40408	40.5
40409	38
40410	37
40411	37
40412	38
40413	40.5
40414	42.5
40415	43.5
40416	40.5
40417	37
40418	37
40419	37
40420	38
40421	39
40422	41
40423	41.5
40424	41
40425	41
40426	39.5
40427	37
40428	35.5
40429	36
40430	37
40431	37
40432	38
40433	38
40434	38
40435	40
40436	42
40437	42
40438	41
40439	41
40440	41
40441	37
40442	36
40443	37
40444	34.5
40445	36.5
40446	36
40447	35
40448	36.5
40449	36.5
40450	38
40451	39
40452	40
40453	38
40454	39
40455	38
40456	38
40457	38
40458	39
40459	39
40460	39
40461	35
40462	33
40463	32
40464	32.5
40465	33.5
40466	33
40467	30
40468	33.5
40469	32
40470	29
40471	30.5
40472	30
40473	28.5
40474	29
40475	33
40476	30
40477	33
40478	33
40479	36
40480	35
40481	33
40482	32.5
40483	34
40484	36
40485	36.5
40486	37.5
40487	35
40488	36
40489	36
40490	37.5
40491	37
40492	34
40493	30
40494	30
40495	29
40496	27
40497	27
40498	28
40499	36
40500	34
40501	33
40502	31
40503	31
40504	28.5
40505	28
40506	27
40507	26
40508	26.5
40509	26
40510	27
40511	25.5
40512	18
40513	27
40514	27
40515	28
40516	29
40517	30
40518	31
40519	29
40520	31
40521	31
40522	21
40523	29.5
40524	30.5
40525	31
40526	30
40527	29
40528	27
40529	28
40530	28
40531	29
40532	28
40533	27
40534	24.5
40535	26
40536	27
40537	27.5
40538	25.5
40539	24
40540	23.5
40541	26
40542	21.5
40543	23.5
40544	22.5
40545	21
40546	23.5
40547	26
40548	23
40549	25
40550	26.5
40551	23
40552	25
40553	26
40554	25.5
40555	27
40556	27
40557	27
40558	27.5
40559	26.5
40560	27
40561	26.5
40562	26
40563	26
40564	26.5
40565	26
40566	24
